# Numero de trabalhadores mínimos para fazer a tarefa j
1	2
2	3
3	2
4	2
5	2
6	3
7	4
8	4
9	5
10	2
11	1
12	2
13	1
14	3
15	1

#_______________________________________Custo  de designar o trabalhador i na tarefa j _____________________________________# 
i/j	1	2	3	4	5	6	7	8	9	10	11	12	13	14	15
1	1128	515	2249	2116	870	1576	608	2314	967	1898	1356	846	715	1470	740
2	1185	2387	2062	1185	902	533	853	886	599	2468	2107	880	2164	2366	1783
3	568	1878	575	671	946	1231	1739	2458	1198	2004	1819	1356	1685	577	1160
4	2202	2478	1127	2322	2134	1564	653	2206	828	936	934	951	1392	1873	2013
5	2093	574	1787	1883	2219	1551	1230	699	2355	1796	943	810	1224	640	1052
6	2354	935	694	515	2101	2221	1460	2481	2076	1312	891	1520	1332	905	2428
7	1724	2062	2000	1030	1919	2458	1974	1270	1197	2473	1714	2117	1467	561	2149
8	1887	2091	977	925	824	1383	982	1887	2291	523	2052	2438	1946	1742	1260
9	1664	1506	2367	2085	911	850	1945	1661	2049	1360	2309	761	1445	2474	1589
10	1022	1315	1862	2208	1498	2385	1431	1010	1517	1824	1463	1245	867	715	635
11	957	660	1432	2410	1586	1255	1749	1532	1246	918	2069	1924	1979	1212	2111
12	1210	1724	2069	1139	759	2231	1441	1651	2156	959	2151	501	1228	1871	1338
13	1953	1331	2341	2089	1075	2303	2455	812	709	780	655	508	1964	1134	1793
14	1401	1154	964	1265	2261	560	1774	800	1808	2050	2118	625	1771	1102	2033
15	680	631	2479	1188	1623	1891	1311	1302	2219	685	972	2295	2439	2265	2064
16	1784	2330	990	629	947	1486	1497	1447	916	1366	1413	1342	2091	1069	581
17	530	1291	2487	1898	1428	574	756	1783	2148	899	2357	1338	1771	1644	1456
18	1428	548	1964	612	1361	1543	746	2478	1661	2359	2212	2198	2272	660	1520
19	583	1686	1146	1672	1338	840	2402	514	1510	1097	694	2500	1184	1850	1168
20	732	1785	2328	1685	2193	1615	1865	2185	1363	1549	1861	2293	751	1127	1629
21	1034	1306	749	1881	618	2033	2360	564	1269	1682	1563	1065	1505	1803	809
22	1946	1651	1507	1138	2179	579	2277	1517	1461	2024	1119	912	1217	2185	601
23	1378	944	1377	1372	1814	1483	2253	2455	584	1770	2391	1050	1888	2280	1897
24	527	648	1813	1661	1797	1957	2013	697	1267	2111	2242	747	1506	1186	1317
25	807	999	1766	1150	2339	1226	633	1477	1677	2424	526	999	1727	1663	1883
26	2166	952	973	993	1243	1733	2089	1707	858	1228	1912	1119	2225	2461	1298
27	512	2393	1414	1221	1365	2166	1715	2037	1018	933	1820	1465	2060	1028	547
28	1700	1527	1262	599	958	2217	1828	1894	545	1105	1031	2157	1584	1883	1595
29	1781	2183	1878	994	1761	1285	2214	1081	2240	1786	1624	2013	1809	2012	1750
30	2279	619	2390	730	2179	2365	987	2295	676	1327	1347	931	1712	2107	1847
31	1406	1064	970	1232	1060	1730	2364	1123	812	1395	544	2288	710	2011	508
32	1960	2423	2470	2209	871	1122	1503	1799	1355	1756	1211	556	603	622	2022
33	684	1302	874	1301	1769	2129	1311	1888	1568	1301	998	502	703	2010	2454
34	891	2458	1740	1023	1370	2119	2361	537	1545	2458	1129	1757	1267	953	1689
35	1738	1322	1887	1706	2139	1116	2123	2411	1049	1771	1986	2072	1055	1691	2031
36	1764	2500	2079	710	721	2151	1703	1890	1912	2299	2061	2483	1799	1608	2239
37	2301	956	1322	864	2416	1722	1547	1761	690	1351	1784	950	1118	1753	593
38	777	2307	2203	1651	673	867	1720	530	1893	1332	574	1258	905	2295	714
39	1693	2308	2315	580	1822	2427	1399	902	2103	1238	1431	1232	1719	946	1016
40	630	1905	639	1924	896	2087	1347	2425	1033	2123	2011	1199	1074	1648	886
41	596	593	1567	666	2160	1356	1197	1925	1220	507	2058	1335	1696	2281	1064
42	2435	2369	659	1670	2016	1893	1758	1939	966	2020	1761	1723	2350	872	1662
43	2152	2145	725	1168	1111	645	1132	2084	2185	979	1868	1268	1823	862	945
44	971	1158	702	879	1881	898	2341	2294	1551	1321	1776	1762	961	1762	969
45	1988	1549	2336	1163	743	1320	1593	2217	2392	656	802	1380	2426	933	1729
46	2199	534	1051	2062	1679	2482	1977	1706	1191	1685	1540	1390	1862	1198	1016
47	1752	1714	759	2415	1484	1780	1435	939	1341	1775	1725	1414	671	2413	1102
48	970	1733	1556	2143	2130	2146	1056	2306	1687	1053	1892	1723	1899	1835	1782
49	1131	1984	1906	1913	1359	1048	1773	909	1417	931	2379	1198	838	1692	1272
50	1994	1299	1882	716	2008	1644	1269	1465	2136	2105	2412	741	1414	1057	587
51	1269	1028	2319	1354	981	1740	1567	594	1137	1776	717	964	1576	1108	2268
52	1882	2215	2145	525	1394	2209	2369	1789	1819	1506	1318	2356	958	989	865
53	708	2286	1970	592	1501	1365	1527	1391	1046	1877	1809	1403	2423	1828	1300
54	2310	1258	2341	2435	1557	1043	2325	1566	750	1193	1069	1594	827	1161	1158
55	2011	852	634	587	2147	647	2195	1955	2187	1679	1240	1634	2214	1839	2031
56	2208	799	1725	2030	2354	865	2352	808	2321	1417	1956	2017	1845	749	2200
57	849	1815	1690	1907	601	1106	1155	1930	2364	2004	2370	1610	1254	2206	1566
58	1644	1698	1644	2129	1787	2091	2459	1048	2192	1988	574	530	2162	604	1738
59	2156	982	1377	2074	1611	2481	1636	885	1979	1622	2421	2358	780	1526	1212
60	1544	519	683	1681	1055	1609	1348	531	943	1596	1791	1158	1219	1900	1273
#____________________________________________________________________________________________________________________________#

#___Custo de contratação do trabalhador i__#
1	380
2	326
3	321
4	489
5	234
6	248
7	222
8	245
9	275
10	475
11	208
12	405
13	239
14	313
15	324
16	358
17	442
18	480
19	367
20	292
21	456
22	321
23	268
24	231
25	427
26	321
27	437
28	407
29	313
30	202
31	260
32	250
33	496
34	388
35	300
36	456
37	426
38	399
39	478
40	311
41	357
42	257
43	335
44	291
45	458
46	443
47	251
48	498
49	249
50	304
51	314
52	443
53	334
54	472
55	414
56	367
57	247
58	490
59	304
60	476
